0.1
0.1
0.1
0.1
0.1
0.1
0.09
0.09
0.09
0.09
0.1
0.1
0.09
0.1
0.1
0.1
0.09
0.1
0.1
0.1
0.1
0.1
0.1
0.1
0.11
0.1
0.1
0.1
0.1
0.11
0.12
0.12
0.11
0.11
0.11
0.11
0.11
0.11
0.11
0.11
0.11
0.11
0.11
0.11
0.11
0.11
0.11
0.11
0.11
0.11
0.11
0.11
0.11
0.12
0.12
0.12
0.12
0.12
0.12
0.12
0.11
0.11
0.11
0.11
0.11
0.11
0.11
0.11
0.11
0.11
0.11
0.11
0.11
0.1
0.1
0.11
0.11
0.11
0.11
0.1
0.1
0.1
0.09
0.1
0.1
0.1
0.1
0.1
0.1
0.1
0.11
0.1
0.11
0.11
0.11
0.1
0.1
0.1
0.1
0.1
0.1
0.1
0.1
0.1
0.1
0.1
0.1
0.11
0.11
0.11
0.11
0.1
0.1
0.1
0.1
0.1
0.1
0.1
0.1
0.1
0.09
0.1
0.11
0.11
0.11
0.11
0.1
0.1
0.1
0.1
0.1
0.1
0.1
0.1
0.1
0.1
0.1
0.1
0.1
0.1
0.1
0.1
0.1
0.11
0.11
0.11
0.11
0.12
0.12
0.12
0.12
0.12
0.13
0.13
0.13
0.13
0.13
0.13
0.13
0.14
0.13
0.14
0.13
0.14
0.14
0.15
0.15
0.15
0.15
0.15
0.15
0.15
0.15
0.15
0.14
0.15
0.16
0.16
0.18
0.18
0.18
0.17
0.17
0.17
0.17
0.17
0.17
0.17
0.17
0.17
0.17
0.16
0.16
0.16
0.16
0.16
0.17
0.17
0.17
0.17
0.17
0.16
0.17
0.17
0.17
0.18
0.18
0.19
0.19
0.2
0.21
0.21
0.21
0.22
0.21
0.22
0.23
0.24
0.26
0.24
0.24
0.25
0.25
0.24
0.25
0.25
0.25
0.25
0.25
0.24
0.24
0.24
0.25
0.27
0.26
0.27
0.25
0.24
0.24
0.25
0.26
0.26
0.27
0.27
0.26
0.26
0.28
0.29
0.29
0.28
0.29
0.3
0.3
0.29
0.29
0.3
0.31
0.32
0.31
0.31
0.31
0.31
0.31
0.32
0.34
0.34
0.32
0.33
0.35
0.34
0.33
0.34
0.33
0.33
0.32
0.33
0.33
0.34
0.33
0.34
0.34
0.34
0.34
0.34
0.37
0.36
0.36
0.36
0.37
0.4
0.39
0.41
0.44
0.43
0.41
0.42
0.43
0.41
0.4
0.39
0.38
0.39
0.38
0.38
0.38
0.4
0.4
0.39
0.39
0.39
0.39
0.38
0.38
0.38
0.36
0.34
0.34
0.34
0.35
0.36
0.36
0.36
0.36
0.36
0.36
0.36
0.36
0.36
0.35
0.36
0.35
0.34
0.31
0.32
0.33
0.34
0.34
0.36
0.36
0.35
0.36
0.35
0.34
0.35
0.34
0.34
0.35
0.35
0.34
0.34
0.33
0.32
0.33
0.34
0.35
0.36
0.36
0.35
0.35
0.36
0.36
0.36
0.36
0.36
0.37
0.37
0.39
0.4
0.4
0.4
0.42
0.41
0.39
0.4
0.4
0.39
0.39
0.39
0.4
0.4
0.41
0.41
0.41
0.4
0.4
0.37
0.4
0.42
0.43
0.43
0.44
0.45
0.46
0.48
0.5
0.55
0.51
0.51
0.5
0.5
0.5
0.51
0.5
0.49
0.45
0.31
0.33
0.39
0.37
0.34
0.31
0.29
0.27
0.33
0.34
0.35
0.33
0.34
0.35
0.33
0.33
0.33
0.34
0.35
0.34
0.33
0.32
0.33
0.32
0.33
0.33
0.33
0.32
0.31
0.31
0.3
0.31
0.28
0.29
0.3
0.33
0.32
0.33
0.33
0.35
0.36
0.38
0.36
0.36
0.36
0.36
0.37
0.37
0.36
0.38
0.39
0.38
0.39
0.4
0.41
0.42
0.39
0.4
0.39
0.39
0.39
0.4
0.4
0.4
0.38
0.38
0.37
0.39
0.38
0.39
0.39
0.39
0.38
0.39
0.37
0.35
0.36
0.36
0.37
0.37
0.38
0.38
0.4
0.4
0.4
0.41
0.41
0.41
0.42
0.4
0.4
0.41
0.41
0.41
0.42
0.42
0.44
0.44
0.44
0.44
0.43
0.44
0.43
0.45
0.44
0.4
0.41
0.42
0.41
0.39
0.39
0.4
0.39
0.38
0.39
0.38
0.39
0.4
0.4
0.4
0.4
0.39
0.4
0.37
0.38
0.38
0.38
0.38
0.38
0.38
0.38
0.39
0.39
0.38
0.38
0.38
0.39
0.4
0.4
0.4
0.4
0.4
0.39
0.39
0.39
0.4
0.4
0.39
0.4
0.39
0.38
0.39
0.39
0.39
0.39
0.4
0.41
0.41
0.41
0.42
0.42
0.43
0.43
0.43
0.43
0.44
0.44
0.44
0.44
0.44
0.44
0.47
0.46
0.45
0.44
0.46
0.46
0.47
0.47
0.48
0.48
0.48
0.48
0.46
0.46
0.46
0.47
0.47
0.47
0.46
0.44
0.42
0.43
0.42
0.4
0.4
0.4
0.41
0.41
0.4
0.39
0.39
0.37
0.37
0.36
0.35
0.36
0.36
0.35
0.36
0.36
0.37
0.35
0.33
0.34
0.36
0.35
0.36
0.36
0.36
0.35
0.34
0.36
0.36
0.36
0.36
0.38
0.37
0.38
0.38
0.36
0.36
0.36
0.37
0.37
0.38
0.37
0.36
0.36
0.37
0.37
0.36
0.36
0.36
0.35
0.35
0.35
0.34
0.35
0.35
0.36
0.36
0.36
0.36
0.37
0.37
0.37
0.36
0.35
0.35
0.34
0.34
0.34
0.34
0.33
0.33
0.32
0.32
0.34
0.35
0.34
0.33
0.34
0.33
0.32
0.32
0.32
0.32
0.32
0.33
0.32
0.33
0.33
0.33
0.34
0.35
0.34
0.35
0.34
0.34
0.34
0.33
0.33
0.34
0.34
0.35
0.35
0.36
0.36
0.36
0.36
0.36
0.36
0.37
0.37
0.37
0.38
0.37
0.37
0.37
0.36
0.36
0.36
0.37
0.37
0.36
0.36
0.37
0.38
0.37
0.37
0.37
0.38
0.38
0.41
0.41
0.41
0.42
0.42
0.42
0.43
0.43
0.44
0.43
0.43
0.42
0.43
0.44
0.43
0.43
0.42
0.42
0.41
0.42
0.41
0.41
0.42
0.43
0.43
0.37
0.36
0.36
0.36
0.37
0.37
0.35
0.36
0.32
0.32
0.35
0.34
0.35
0.35
0.35
0.34
0.35
0.35
0.35
0.35
0.35
0.36
0.36
0.36
0.36
0.33
0.34
0.35
0.36
0.37
0.38
0.39
0.38
0.38
0.38
0.38
0.38
0.39
0.38
0.38
0.38
0.36
0.36
0.36
0.37
0.38
0.38
0.38
0.38
0.39
0.4
0.4
0.4
0.41
0.39
0.4
0.4
0.41
0.41
0.42
0.42
0.4
0.39
0.41
0.42
0.41
0.42
0.41
0.4
0.4
0.39
0.39
0.39
0.38
0.38
0.39
0.38
0.38
0.37
0.37
0.36
0.37
0.38
0.38
0.37
0.37
0.38
0.37
0.37
0.37
0.37
0.37
0.37
0.38
0.37
0.38
0.38
0.36
0.37
0.37
0.38
0.38
0.38
0.38
0.38
0.4
0.4
0.41
0.41
0.41
0.4
0.4
0.4
0.39
0.39
0.4
0.39
0.41
0.41
0.41
0.41
0.41
0.41
0.41
0.41
0.42
0.42
0.41
0.4
0.41
0.41
0.42
0.43
0.44
0.44
0.44
0.43
0.45
0.46
0.46
0.47
0.47
0.46
0.47
0.48
0.48
0.48
0.52
0.55
0.55
0.57
0.56
0.56
0.55
0.51
0.53
0.55
0.56
0.59
0.59
0.58
0.56
0.55
0.54
0.54
0.55
0.57
0.57
0.53
0.54
0.54
0.56
0.58
0.58
0.59
0.61
0.6
0.62
0.61
0.6
0.6
0.61
0.61
0.61
0.6
0.6
0.59
0.6
0.59
0.6
0.6
0.59
0.59
0.59
0.58
0.57
0.56
0.54
0.54
0.54
0.56
0.58
0.58
0.6
0.59
0.6
0.59
0.6
0.62
0.62
0.64
0.62
0.63
0.63
0.61
0.6
0.6
0.6
0.62
0.61
0.66
0.65
0.63
0.62
0.63
0.63
0.63
0.64
0.63
0.64
0.65
0.65
0.66
0.65
0.65
0.66
0.66
0.66
0.66
0.66
0.67
0.68
0.7
0.67
0.67
0.68
0.69
0.68
0.69
0.7
0.72
0.73
0.73
0.71
0.74
0.74
0.75
0.74
0.75
0.77
0.79
0.81
0.79
0.79
0.77
0.77
0.78
0.78
0.77
0.77
0.77
0.78
0.81
0.81
0.8
0.79
0.8
0.82
0.84
0.84
0.84
0.86
0.84
0.83
0.82
0.82
0.81
0.81
0.8
0.78
0.81
0.79
0.81
0.82
0.86
0.89
0.87
0.87
0.9
0.91
0.91
0.9
0.9
0.9
0.95
0.98
0.99
1.05
1.06
1.03
1.05
1.05
1.02
1.04
1.07
1.02
1.02
1.0
1.02
1.04
1.05
1.06
1.05
1.06
1.04
1.04
1.08
1.07
1.05
1.04
1.04
1.06
1.06
1.06
1.03
1.0
1.0
1.02
1.03
1.03
1.05
1.08
1.09
1.1
1.07
1.06
1.07
1.02
1.0
0.97
0.99
0.96
0.96
0.95
0.92
0.93
0.92
0.88
0.84
0.85
0.88
0.91
0.9
0.9
0.89
0.89
0.86
0.84
0.77
0.75
0.75
0.72
0.77
0.84
0.87
0.84
0.83
0.86
0.86
0.82
0.8
0.8
0.78
0.77
0.8
0.8
0.83
0.84
0.86
0.86
0.83
0.84
0.81
0.84
0.84
0.82
0.88
0.93
0.92
0.91
0.89
0.9
0.92
0.88
0.83
0.81
0.79
0.79
0.76
0.79
0.85
0.86
0.89
0.89
0.91
0.9
0.88
0.87
0.89
0.89
0.88
0.9
0.91
0.89
0.89
0.88
0.9
0.96
0.95
0.97
0.94
0.95
0.97
0.95
0.96
0.96
0.98
1.0
0.98
0.99
1.0
1.03
1.04
1.05
1.04
1.03
1.03
1.0
1.01
1.01
1.02
1.03
1.05
1.04
1.05
1.05
1.05
1.04
1.04
1.04
1.05
1.04
1.05
1.05
1.04
1.02
1.03
1.09
1.08
1.07
1.09
1.14
1.17
1.19
1.24
1.24
1.24
1.26
1.24
1.28
1.29
1.34
1.36
1.39
1.38
1.41
1.47
1.43
1.45
1.45
1.44
1.47
1.4
1.44
1.43
1.43
1.39
1.42
1.43
1.41
1.46
1.44
1.47
1.49
1.56
1.49
1.45
1.43
1.38
1.33
1.4
1.36
1.34
1.38
1.38
1.38
1.32
1.3
1.37
1.46
1.5
1.48
1.48
1.56
1.58
1.58
1.53
1.55
1.53
1.49
1.54
1.49
1.58
1.56
1.55
1.53
1.49
1.42
1.41
1.43
1.4
1.4
1.36
1.38
1.4
1.4
1.41
1.43
1.41
1.43
1.47
1.43
1.43
1.41
1.36
1.38
1.38
1.38
1.42
1.48
1.52
1.53
1.54
1.53
1.53
1.53
1.56
1.57
1.56
1.54
1.53
1.54
1.54
1.54
1.54
1.58
1.58
1.55
1.44
1.4
1.42
1.36
1.37
1.4
1.42
1.42
1.49
1.42
1.33
1.29
1.4
1.41
1.36
1.38
1.42
1.46
1.41
1.41
1.4
1.41
1.41
1.39
1.37
1.38
1.48
1.46
1.52
1.53
1.53
1.53
1.51
1.55
1.58
1.65
1.68
1.73
1.72
1.72
1.7
1.7
1.67
1.68
1.75
1.75
1.78
1.78
1.77
1.78
1.79
1.78
1.73
1.72
1.68
1.68
1.68
1.67
1.71
1.78
1.73
1.73
1.76
1.77
1.8
1.8
1.77
1.83
1.83
1.86
1.84
1.86
1.85
1.81
1.82
1.84
1.84
1.86
1.87
1.87
1.87
1.92
1.9
1.89
1.86
1.88
1.9
1.9
1.88
1.88
1.87
1.88
1.89
1.97
1.96
1.93
1.9
1.95
1.99
1.98
1.99
2.03
2.08
2.11
2.07
1.98
2.03
2.01
2.01
2.03
2.0
1.99
1.97
1.99
2.03
2.11
2.11
2.13
2.12
2.17
2.13
2.12
2.1
2.13
2.13
2.13
2.12
2.14
2.14
2.15
2.23
2.21
2.25
2.3
2.31
2.32
2.38
2.36
2.43
2.5
2.59
2.65
2.61
2.65
2.67
2.74
2.66
2.64
2.55
2.49
2.62
2.61
2.6
2.51
2.52
2.6
2.57
2.51
2.61
2.6
2.65
2.63
2.62
2.6
2.55
2.62
2.55
2.47
2.46
2.4
2.45
2.39
2.39
2.41
2.54
2.6
2.57
2.56
2.57
2.55
2.53
2.46
2.48
2.54
2.51
2.52
2.52
2.59
2.67
2.63
2.66
2.68
2.68
2.66
2.68
2.61
2.53
2.5
2.47
2.51
2.44
2.45
2.53
2.42
2.44
2.5
2.42
2.45
2.44
2.69
2.66
2.46
2.42
2.45
2.41
2.34
2.36
2.27
2.32
2.3
2.37
2.38
2.43
2.42
2.4
2.39
2.38
2.38
2.35
2.31
2.29
2.35
2.39
2.43
2.43
2.41
2.41
2.4
2.48
2.52
2.59
2.56
2.56
2.56
2.52
2.46
2.4
2.34
2.25
2.34
2.37
2.27
2.26
2.26
2.3
2.32
2.3
2.26
2.19
2.09
2.26
2.19
2.25
2.18
2.17
2.12
2.14
2.16
2.17
2.19
2.22
2.23
2.26
2.2
2.16
2.24
2.19
2.22
2.27
2.28
2.31
2.31
2.29
2.27
2.3
2.31
2.25
2.23
2.21
2.21
2.23
2.22
2.21
2.22
2.17
2.17
2.16
2.2
2.18
2.16
2.2
2.24
2.3
2.32
2.33
2.33
2.36
2.39
2.38
2.4
2.44
2.47
2.46
2.55
2.54
2.51
2.54
2.5
2.47
2.43
2.47
2.51
2.46
2.41
2.46
2.52
2.49
2.46
2.55
2.58
2.54
2.61
2.57
2.62
2.63
2.61
2.64
2.67
2.75
2.75
2.81
2.8
2.77
2.81
2.75
2.77
2.81
2.77
2.8
2.76
2.77
2.87
2.9
2.87
2.9
2.93
2.92
2.91
2.9
2.81
2.88
2.94
2.97
2.77
2.86
2.85
2.87
2.91
2.91
2.84
2.86
2.87
2.92
2.89
2.88
2.78
2.7
2.72
2.7
2.72
2.81
2.81
2.83
2.74
2.73
2.73
2.73
2.7
2.68
2.67
2.66
2.7
2.78
2.73
2.72
2.79
2.8
2.85
2.85
2.8
2.79
2.76
2.76
2.8
2.79
2.77
2.75
2.7
2.72
2.7
2.73
2.78
2.76
2.67
2.78
2.68
2.62
2.67
2.66
2.61
2.5
2.51
2.55
2.49
2.4
2.48
2.62
2.64
2.61
2.55
2.64
2.65
2.62
2.59
2.61
2.63
2.66
2.7
2.78
2.74
2.74
2.67
2.66
2.63
2.61
2.6
2.7
2.73
2.71
2.72
2.84
2.89
2.91
2.8
2.86
2.8
2.82
2.78
2.82
2.78
2.78
2.72
2.72
2.72
2.71
2.65
2.6
2.54
2.51
2.58
2.69
2.67
2.67
2.69
2.75
2.79
2.73
2.72
2.79
2.74
2.7
2.68
2.67
2.7
2.77
2.89
2.94
2.89
2.88
2.85
2.98
2.94
2.89
3.01
2.99
2.96
2.94
2.91
2.88
2.84
2.85
2.79
2.88
2.89
2.85
2.84
2.73
2.77
2.75
2.77
2.77
2.77
2.82
2.78
2.75
2.72
2.73
2.69
2.61
2.65
2.64
2.62
2.59
2.63
2.61
2.54
2.46
2.52
2.47
2.43
2.43
2.45
2.36
2.45
2.47
2.31
2.27
2.28
2.28
2.34
2.29
2.28
2.22
2.26
2.31
2.35
2.43
2.41
2.41
2.32
2.38
2.41
2.37
2.32
2.25
2.25
2.27
2.35
2.4
2.39
2.37
2.34
2.33
2.38
2.44
2.39
2.35
2.39
2.38
2.38
2.36
2.38
2.41
2.46
2.5
2.57
2.62
2.59
2.58
2.56
2.58
2.6
2.65
2.63
2.64
2.62
2.63
2.6
2.57
2.52
2.59
2.51
2.53
2.48
2.51
2.52
2.48
2.5
2.47
2.5
2.53
2.51
2.45
2.39
2.46
2.45
2.45
2.54
2.55
2.56
2.52
2.57
2.52
2.51
2.5
2.41
2.42
2.46
2.47
2.48
2.5
2.55
2.59
2.68
2.65
2.67
2.61
2.54
2.56
2.54
2.5
2.49
2.5
2.52
2.56
2.58
2.54
2.53
2.52
2.59
2.55
2.54
2.52
2.5
2.52
2.57
2.64
2.66
2.68
2.66
2.67
2.67
2.68
2.65
2.64
2.6
2.7
2.7
2.66
2.66
2.63
2.63
2.65
2.66
2.66
2.62
2.64
2.54
2.52
2.46
2.49
2.48
2.46
2.47
2.49
2.46
2.46
2.5
2.48
2.53
2.5
2.53
2.58
2.6
2.59
2.53
2.53
2.54
2.53
2.53
2.53
2.55
2.62
2.65
2.65
2.64
2.65
2.6
2.65
2.7
2.73
2.73
2.7
2.58
2.61
2.65
2.64
2.74
2.78
2.8
2.72
2.72
2.65
2.65
2.63
2.65
2.59
2.75
2.8
2.86
2.87
2.93
2.97
2.88
2.89
2.98
2.92
2.97
2.95
2.88
2.88
2.94
2.92
2.95
3.02
2.97
2.96
3.03
3.07
3.05
3.16
3.2
3.28
3.25
3.27
3.36
3.31
3.27
3.3
3.41
3.35
3.25
3.27
3.29
3.3
3.35
3.39
3.35
3.31
3.34
3.29
3.22
3.13
3.09
3.24
3.21
3.21
3.22
3.14
3.07
3.02
3.15
3.09
3.02
3.0
3.09
3.05
3.04
3.16
3.13
3.02
2.98
3.16
3.2
3.15
3.09
3.09
3.22
3.34
3.3
3.34
3.3
3.28
3.31
3.34
3.38
3.45
3.45
3.4
3.43
3.49
3.47
3.43
3.41
3.47
3.48
3.51
3.55
3.57
3.65
3.63
3.51
3.5
3.5
3.55
3.62
3.55
3.51
3.6
3.6
3.64
3.55
3.55
3.5
3.58
3.56
3.5
3.47
3.53
3.56
3.53
3.51
3.49
3.44
3.47
3.41
3.4
3.42
3.49
3.52
3.58
3.5
3.45
3.54
3.6
3.73
3.71
3.68
3.73
3.81
3.85
3.88
3.94
3.92
3.94
3.91
3.84
3.87
3.98
3.98
3.98
3.89
4.03
4.04
4.04
4.02
4.01
3.97
3.88
3.84
3.89
3.96
4.01
3.93
3.91
3.95
3.96
3.96
3.94
3.91
3.95
3.95
3.92
3.95
3.97
3.96
3.91
3.74
3.84
3.79
3.8
3.8
3.81
3.86
3.82
3.76
3.79
3.73
3.79
3.77
3.81
3.84
3.83
3.92
4.01
4.04
4.07
3.97
3.85
3.93
3.88
3.86
3.74
3.74
3.7
3.71
3.7
3.69
3.76
3.8
3.81
3.87
3.87
3.88
3.88
3.87
3.8
3.8
3.77
3.73
3.84
3.85
3.83
3.86
3.94
3.95
3.98
3.98
4.02
4.08
4.28
4.24
4.29
4.31
4.48
4.41
4.38
4.37
4.45
4.4
4.43
4.55
4.62
4.56
4.6
4.52
4.51
4.45
4.38
4.37
4.41
4.38
4.35
4.43
4.51
4.48
4.53
4.84
4.8
4.76
4.7
4.69
4.86
5.0
4.98
4.91
5.11
5.13
4.97
5.05
5.09
5.0
4.99
4.99
4.95
5.09
5.05
5.08
5.3
5.38
5.29
5.34
5.45
5.53
5.47
5.58
5.47
5.19
5.29
5.26
5.2
5.3
5.2
5.25
5.26
5.3
5.23
5.24
5.24
5.3
5.44
5.61
5.71
5.66
5.74
5.7
5.61
5.43
5.49
5.59
5.65
5.68
5.67
5.8
5.97
6.18
6.03
6.24
6.26
6.48
6.81
6.37
5.91
6.01
5.75
5.85
6.02
6.0
6.03
5.79
5.66
5.59
5.56
5.7
5.87
5.85
5.84
6.02
5.88
6.03
6.17
6.15
6.17
6.2
6.07
5.91
6.21
6.12
6.01
5.9
5.63
5.74
5.83
5.78
5.61
5.94
5.84
5.91
5.97
6.1
6.02
6.01
5.93
5.84
5.75
5.83
5.82
5.66
5.61
5.64
5.52
5.54
5.72
5.66
5.52
5.55
5.38
5.47
5.37
5.2
5.23
5.41
5.48
5.39
5.42
5.7
5.98
6.05
5.97
6.02
6.09
5.99
6.12
6.25
6.42
6.25
6.15
6.25
6.22
6.09
5.81
5.95
6.19
6.05
6.02
5.88
5.88
5.62
5.46
5.38
5.5
5.46
5.5
5.45
5.72
5.61
5.45
5.39
5.49
5.38
5.66
5.66
5.91
5.82
5.71
5.73
5.55
5.52
5.44
5.68
5.45
5.62
5.66
5.64
5.55
5.46
5.48
5.61
5.43
5.46
5.4
5.39
5.01
5.15
5.41
5.36
5.16
5.4
5.3
5.48
5.74
5.75
5.59
5.7
5.59
5.66
5.65
5.68
5.78
5.88
5.81
6.07
6.03
6.05
6.18
6.26
6.22
6.23
6.17
6.16
6.12
6.11
6.24
6.41
6.47
6.29
6.26
6.26
6.17
5.97
6.02
6.13
6.06
6.08
5.95
6.03
5.98
6.3
6.23
6.4
6.58
6.68
6.54
6.3
6.32
6.24
6.42
6.41
6.39
6.45
6.42
6.54
6.53
6.52
6.48
6.35
6.35
6.32
6.32
6.47
6.58
6.62
6.81
6.86
7.05
7.04
6.97
7.05
7.09
7.04
7.08
7.2
6.98
6.93
6.98
7.07
7.14
7.09
7.18
7.41
7.44
7.35
7.32
7.31
7.3
7.2
7.3
7.41
7.41
7.33
7.32
7.39
7.42
7.4
7.37
7.55
7.49
7.58
7.54
7.63
7.81
7.79
7.69
7.79
7.65
7.61
7.61
7.73
7.76
7.62
7.53
7.5
7.51
7.64
7.6
7.57
7.4
7.52
7.5
7.47
7.16
7.02
6.91
7.21
7.32
7.49
7.56
7.48
7.01
7.17
7.41
7.45
7.3
7.41
7.37
7.54
7.71
7.61
7.75
7.8
7.83
7.78
7.83
7.72
7.8
7.82
7.77
7.72
7.71
7.72
7.81
7.7
7.68
7.8
7.85
7.76
7.66
7.71
7.71
7.59
7.66
7.8
7.77
7.82
8.04
8.19
8.22
8.37
8.53
8.61
8.63
8.61
8.55
8.48
8.25
8.4
8.24
8.26
8.42
8.38
8.52
8.59
8.46
8.41
8.36
8.57
8.54
8.68
8.62
8.47
8.42
8.38
8.28
8.41
8.54
8.53
8.54
8.46
8.52
8.58
8.59
8.62
8.84
9.03
8.97
8.97
8.98
8.86
9.06
9.35
9.31
9.4
9.74
9.58
9.4
9.41
9.59
9.61
9.72
9.8
9.86
9.67
9.58
9.56
9.55
10.22
10.23
10.42
10.12
10.0
9.59
9.98
10.33
10.61
10.45
10.47
10.61
10.69
10.53
10.44
10.33
10.2
10.58
10.55
10.62
10.42
10.3
10.53
10.47
10.67
10.58
10.75
10.89
11.34
11.88
12.17
11.84
11.99
12.02
11.95
12.16
12.64
12.75
12.8
12.89
12.3
12.14
12.55
12.22
12.31
12.48
12.5
12.23
12.17
12.19
11.91
11.88
12.52
12.44
12.53
12.02
12.19
12.44
12.39
12.61
12.24
12.09
12.5
12.3
12.34
12.45
12.38
12.56
12.45
12.09
12.0
11.75
11.27
11.29
11.78
11.72
11.46
11.66
11.5
11.89
11.77
11.98
12.28
12.25
12.09
11.88
12.17
12.14
12.28
12.27
13.45
13.45
13.83
14.39
14.27
14.2
14.36
14.88
15.19
15.12
15.09
15.0
14.66
14.44
14.56
14.59
14.77
14.72
14.48
14.64
14.43
14.39
14.89
15.05
15.08
15.36
15.83
15.73
15.73
15.5
15.55
15.09
14.9
15.05
15.51
15.66
15.6
15.88
15.84
16.2
16.42
16.77
16.27
16.16
16.23
16.01
16.51
16.3
16.03
15.94
15.8
15.62
16.05
16.2
16.19
16.41
16.34
16.23
16.22
16.99
17.31
18.55
18.68
17.56
16.99
18.03
17.8
17.25
17.31
17.12
17.49
17.64
17.69
17.58
17.7
17.91
17.93
17.99
17.5
17.28
17.0
17.01
17.03
16.61
16.73
17.35
17.57
17.23
17.16
17.06
16.88
16.82
16.51
16.52
17.15
17.07
17.27
17.16
17.41
17.44
16.89
17.1
17.24
16.34
17.05
16.65
16.53
16.9
16.66
16.94
16.55
16.59
16.67
16.81
16.54
16.73
16.65
16.87
16.89
17.06
17.38
17.37
17.06
17.09
17.09
16.97
16.74
16.53
16.56
17.31
16.96
16.95
16.92
16.11
16.72
16.39
16.08
16.25
16.77
16.78
16.7
16.51
16.45
16.27
16.33
16.15
16.45
16.66
16.86
16.75
16.88
17.11
17.23
16.94
17.38
17.7
17.69
17.98
17.78
18.09
17.82
17.89
18.27
18.04
17.78
17.38
17.09
17.02
17.38
16.95
16.36
16.07
15.88
15.41
14.87
15.09
15.79
16.28
16.16
16.39
16.3
16.39
16.2
16.31
15.88
16.19
16.52
16.39
16.54
16.91
17.23
17.12
17.33
17.28
17.72
18.15
18.62
18.52
18.65
19.36
19.48
19.6
19.43
19.77
19.65
19.91
19.87
19.84
19.69
19.3
19.33
19.36
19.39
20.41
20.53
21.23
21.38
21.19
20.84
21.12
20.58
20.02
20.64
19.9
20.38
20.17
20.47
20.59
20.5
20.09
20.44
20.5
20.47
20.97
21.23
22.2
22.06
21.95
22.0
22.38
22.59
22.83
23.25
22.48
21.81
22.23
22.25
22.16
22.11
22.84
22.92
23.03
23.66
23.75
24.69
23.62
23.03
22.58
22.47
22.62
22.53
22.41
22.02
21.94
21.59
20.84
21.44
21.05
21.42
21.73
22.23
22.36
21.52
21.65
21.44
21.59
21.39
20.91
21.5
21.58
21.2
20.94
21.38
21.08
21.52
21.56
21.42
21.77
21.5
21.33
21.44
21.48
22.47
22.77
22.8
23.67
23.95
25.19
26.23
25.39
26.11
26.86
27.09
27.34
26.81
26.95
26.98
27.47
27.75
28.3
29.39
29.12
29.34
29.34
29.48
29.25
28.2
29.19
28.25
28.45
29.19
28.06
27.67
28.36
27.48
27.11
26.12
26.08
26.72
26.47
26.11
25.86
26.27
25.98
26.06
26.83
27.81
27.64
28.14
27.66
27.59
28.2
28.14
27.31
26.31
23.98
25.31
25.14
24.81
24.16
25.49
25.56
25.19
26.06
26.5
27.08
27.05
26.23
26.34
26.97
27.3
28.41
27.53
28.27
27.83
28.22
27.52
26.02
26.03
25.3
24.41
23.53
22.8
24.22
24.94
24.11
25.05
26.36
26.27
25.73
25.06
26.61
27.5
26.59
26.77
26.36
26.42
26.66
26.47
26.45
26.3
26.38
26.59
27.33
27.67
28.02
27.77
27.19
27.5
27.2
27.97
27.44
27.94
28.41
29.8
30.42
31.06
32.02
30.5
32.38
31.69
30.53
31.84
33.39
32.8
33.41
32.89
33.5
31.98
32.97
33.44
33.59
34.45
35.11
34.61
35.89
35.44
35.59
35.12
34.75
34.67
35.25
36.62
37.81
37.62
37.47
36.88
35.55
35.95
35.44
37.44
38.91
40.66
39.58
39.06
40.47
42.89
42.16
43.5
43.75
43.23
41.91
41.7
39.77
40.0
41.31
40.02
40.16
40.69
39.44
39.06
37.5
36.44
36.94
37.2
38.86
38.22
38.38
37.53
37.94
37.14
37.41
38.06
38.73
39.75
40.45
40.34
40.36
40.05
41.47
42.27
41.78
43.11
42.8
43.2
41.64
42.81
44.98
44.53
46.19
46.5
44.81
46.34
47.47
47.03
46.66
47.28
47.12
46.5
45.06
42.94
44.44
43.12
40.5
41.56
41.0
42.47
43.0
44.0
42.0
41.06
41.03
40.66
39.94
39.03
39.56
38.97
39.53
39.84
39.94
40.25
39.56
38.44
39.56
39.34
39.66
39.22
38.78
38.62
38.12
39.25
39.19
40.34
39.25
39.22
38.19
39.78
40.12
39.69
41.16
39.94
39.06
38.78
38.84
40.5
41.44
42.5
44.47
43.25
43.0
42.31
42.47
43.38
44.0
45.09
45.59
46.0
44.78
46.16
46.28
46.62
47.09
46.81
47.47
47.19
49.72
49.19
46.66
47.34
45.53
45.12
43.81
44.41
45.0
43.47
42.91
42.41
42.38
42.47
42.88
42.56
41.91
41.47
42.09
40.88
42.34
42.16
42.28
42.5
41.91
41.69
43.22
46.09
47.66
47.31
46.62
46.12
46.28
46.19
45.91
47.94
47.12
46.12
47.03
47.5
46.94
47.53
46.31
46.88
48.22
48.78
47.31
48.03
45.59
45.47
45.72
46.06
44.75
45.28
44.99
46.28
45.91
46.84
46.88
47.47
47.16
46.28
45.53
45.34
44.03
43.94
43.16
46.12
46.53
46.34
46.22
46.19
45.44
44.94
46.28
46.19
46.25
46.03
45.88
45.81
45.0
44.41
43.53
44.81
44.59
43.53
43.66
42.53
42.47
43.0
45.09
45.19
45.81
46.0
45.28
45.34
46.59
47.41
48.06
47.66
46.5
45.91
46.41
46.91
48.31
49.34
54.22
56.84
57.62
56.38
57.94
58.78
58.72
59.56
58.75
58.84
58.81
58.38
58.34
56.31
56.91
55.0
55.72
56.12
54.69
52.91
53.91
56.12
57.66
53.5
53.0
51.88
50.62
51.41
49.69
49.38
49.12
48.94
51.47
50.41
51.81
53.28
53.31
54.97
52.0
53.0
49.97
49.81
49.28
48.81
49.81
47.53
46.91
47.12
47.38
45.66
45.78
44.69
45.41
46.69
48.06
45.31
46.44
47.78
50.0
50.5
49.0
47.56
47.69
47.69
49.69
48.69
51.38
51.62
55.94
55.84
52.03
52.16
53.59
51.69
53.12
45.44
44.28
43.19
43.0
44.53
43.03
41.94
39.69
39.62
37.06
37.94
40.28
39.34
39.47
33.31
34.69
34.0
34.91
34.88
36.72
34.94
35.28
35.22
35.56
34.91
33.91
33.09
33.94
34.41
34.69
34.75
33.84
33.09
32.53
32.09
31.59
32.78
30.75
30.72
31.69
31.28
32.28
33.16
33.44
34.81
35.25
34.41
34.41
33.44
33.94
35.25
36.19
36.28
36.84
37.47
40.34
39.94
38.84
39.75
39.41
39.47
38.59
40.0
40.0
39.25
40.47
41.0
39.72
39.56
40.16
39.97
39.47
39.09
39.25
36.56
37.41
36.16
35.28
34.5
33.91
34.69
34.84
34.91
34.34
34.69
35.12
34.56
35.0
37.06
37.12
36.31
36.22
36.09
35.81
35.5
35.78
35.5
35.31
35.62
35.38
35.56
35.31
35.66
35.47
35.0
34.91
35.09
35.06
34.72
35.03
34.66
34.41
34.06
34.12
32.91
32.09
31.5
32.5
32.12
32.09
31.62
30.62
31.34
30.31
30.66
30.16
29.56
28.28
27.72
27.69
27.78
27.09
27.28
27.88
27.19
26.88
25.19
25.22
25.88
30.94
32.59
31.06
30.75
30.62
32.22
33.84
34.53
34.44
34.81
35.16
34.12
34.75
35.25
34.72
35.44
33.69
33.22
34.41
35.03
34.47
34.53
33.59
33.88
34.12
34.97
35.34
33.5
32.53
28.69
28.31
28.22
29.94
28.34
26.56
27.22
29.03
29.19
28.62
27.75
24.59
23.91
22.41
20.75
21.72
23.22
23.44
23.22
22.28
21.69
21.69
23.97
24.22
24.56
24.47
25.91
26.44
27.5
26.75
26.28
26.47
27.81
30.5
30.06
30.28
31.47
30.91
32.0
32.25
31.69
30.53
31.19
30.41
30.97
31.28
32.34
31.12
29.56
29.38
29.09
29.19
29.41
28.66
27.94
28.12
27.59
28.22
29.78
29.69
29.5
29.68
28.34
28.72
29.72
30.34
29.62
28.34
25.97
27.09
27.0
26.84
27.28
27.16
26.34
25.03
27.0
28.28
28.03
29.12
27.78
27.69
27.34
27.91
26.69
25.97
28.38
28.09
28.58
29.84
30.5
31.09
30.39
30.74
32.72
34.01
34.5
34.12
33.78
34.84
34.57
33.56
33.88
35.08
34.88
34.26
35.38
35.69
36.03
35.2
35.0
34.7
34.36
34.14
34.58
34.08
34.04
34.39
35.16
34.85
35.86
35.46
35.17
34.59
34.59
35.17
35.39
36.3
36.18
36.82
36.59
36.06
36.04
35.34
34.45
34.01
33.44
33.66
34.7
34.92
34.42
34.42
35.07
35.57
36.37
36.5
35.3
35.24
34.26
33.03
32.84
32.24
33.25
35.8
35.67
35.59
35.91
35.28
36.28
34.59
33.54
33.16
33.67
33.3
32.74
32.9
33.09
33.24
33.72
33.45
33.07
33.18
32.43
32.5
32.76
32.92
32.34
31.6
32.31
30.94
31.35
30.39
30.33
29.56
31.03
31.16
30.37
30.12
28.47
28.53
28.05
28.87
28.01
27.7
28.79
26.46
27.16
26.93
25.38
24.86
26.0
25.65
25.14
24.98
25.58
25.89
26.53
28.12
28.22
28.86
29.02
27.28
27.76
28.16
28.19
29.03
29.22
28.02
28.38
28.95
30.08
30.22
30.66
31.28
31.1
29.82
29.44
29.08
30.92
30.7
31.64
32.39
32.12
32.21
32.6
32.9
33.95
32.98
33.06
32.88
33.27
32.7
32.02
32.36
32.57
31.87
31.4
32.42
32.1
32.38
33.0
34.05
34.32
33.92
33.53
33.66
33.98
33.14
33.72
34.49
34.64
34.74
33.38
33.77
33.64
33.84
33.92
33.94
33.12
33.52
34.62
34.45
34.28
34.69
34.36
34.64
34.3
34.24
34.78
33.94
34.93
33.05
32.23
31.87
32.33
31.9
31.91
31.16
31.42
31.86
31.33
30.56
30.58
30.2
29.9
30.32
30.56
30.07
30.91
30.8
30.12
29.42
29.95
29.02
29.0
29.54
29.28
29.2
29.17
30.68
31.6
31.54
31.82
31.36
31.98
32.17
31.27
31.05
30.61
31.24
31.07
31.12
30.05
30.68
30.22
29.62
29.54
29.72
30.16
30.19
28.65
28.16
28.22
27.94
28.61
27.44
28.15
27.4
27.96
27.84
28.9
28.32
28.18
28.6
27.8
27.0
26.51
26.86
25.75
26.12
26.13
26.38
25.6
24.78
24.31
24.74
27.48
26.06
25.02
26.34
27.44
27.38
27.87
28.02
27.0
26.1
26.84
27.41
26.63
26.16
26.02
26.32
25.46
24.71
24.99
25.83
25.95
25.99
26.41
26.28
27.77
27.11
27.62
27.84
28.0
27.18
27.05
26.14
27.08
26.48
27.06
27.46
27.35
26.33
25.72
26.24
27.42
26.46
26.6
26.12
26.46
25.93
25.9
25.62
26.0
25.56
24.78
23.14
21.5
23.12
21.42
22.68
24.12
24.05
23.99
22.88
22.2
22.0
22.84
23.54
24.46
24.06
24.24
23.53
24.86
24.88
25.0
26.0
25.52
26.14
26.62
26.11
26.05
25.42
24.69
25.29
24.54
23.51
24.1
22.96
23.91
24.35
24.9
24.29
23.58
23.96
23.89
23.64
23.88
23.6
23.73
22.62
22.84
23.26
23.1
22.62
21.87
23.12
22.8
22.36
21.88
22.02
22.5
22.0
23.19
24.44
24.64
26.14
25.2
25.39
26.58
26.26
25.84
26.6
25.62
26.34
25.98
26.04
26.56
26.74
26.5
28.05
28.32
28.52
28.0
27.55
26.93
27.26
27.68
28.5
28.34
27.92
27.42
28.31
28.92
29.11
29.12
28.45
29.04
28.84
28.84
28.36
28.27
27.67
27.74
26.76
27.0
27.33
27.08
26.25
27.24
27.18
26.76
26.56
26.52
27.0
26.91
26.7
26.48
26.38
25.85
26.86
26.9
27.38
27.9
27.12
27.9
27.96
28.2
28.48
28.14
27.68
25.73
25.66
25.5
26.14
24.92
24.58
24.41
24.96
24.12
23.73
24.28
23.66
23.48
23.71
23.29
23.69
23.22
23.22
23.5
24.15
24.96
24.53
24.15
24.61
24.07
24.19
23.6
23.58
23.7
23.54
23.07
23.44
23.27
23.56
22.95
22.79
23.39
24.67
24.86
25.93
26.04
26.32
26.25
26.57
25.29
25.49
25.25
25.04
24.67
24.21
24.35
25.72
25.73
25.09
25.17
25.58
24.57
24.59
24.2
24.75
24.61
24.91
25.5
25.21
25.74
25.72
25.49
25.21
25.74
25.81
25.56
25.71
26.13
25.86
26.38
25.99
25.75
26.35
26.21
25.99
25.63
25.79
25.57
24.8
24.63
24.03
24.16
24.22
24.79
24.43
24.4
24.61
24.64
24.88
24.87
24.09
23.67
23.75
24.68
24.88
24.99
24.65
25.39
25.96
26.07
26.07
26.33
25.78
25.7
25.26
25.75
25.63
25.64
26.15
26.88
26.45
27.42
27.7
27.47
26.91
27.31
27.4
27.27
27.52
26.69
26.89
26.04
26.38
26.45
26.0
26.89
26.61
26.47
26.23
26.41
26.17
26.18
25.66
25.65
25.71
25.58
25.61
25.73
25.6
25.63
25.54
25.7
26.62
26.45
26.24
26.22
26.5
26.57
26.42
26.51
26.52
27.26
28.3
28.43
28.38
28.84
28.37
27.55
27.84
28.34
28.36
28.9
28.5
29.5
29.96
29.07
29.6
28.46
28.24
28.19
28.83
27.8
28.52
28.5
29.08
29.19
29.14
28.82
28.94
28.91
28.78
28.68
29.07
29.23
28.93
29.35
29.35
28.89
28.91
26.61
26.91
27.2
26.74
26.12
26.14
26.68
26.07
26.1
26.23
26.1
26.0
25.8
25.98
25.69
25.5
25.15
25.15
25.35
25.1
25.11
25.73
25.4
25.45
25.71
25.84
25.66
25.67
26.2
25.98
26.24
26.38
26.59
26.61
26.65
26.74
27.06
27.04
27.4
27.36
27.18
27.15
27.04
27.21
27.46
27.52
27.37
27.45
28.14
28.24
28.21
28.16
27.66
27.57
27.43
27.7
27.54
27.81
28.1
28.3
28.01
28.48
28.8
28.25
27.71
27.91
27.65
27.4
27.29
27.01
26.96
27.08
26.9
27.02
27.15
26.95
26.59
26.99
26.77
26.46
26.57
26.61
26.88
26.7
26.5
26.53
26.7
26.39
26.37
26.37
26.35
25.83
25.72
25.37
25.09
25.38
25.16
25.18
25.13
24.89
24.63
24.5
24.15
24.41
25.19
25.03
25.31
25.2
24.93
25.08
25.85
25.95
25.8
25.59
25.48
25.61
25.45
25.51
25.22
25.16
25.53
25.33
25.45
25.95
27.54
27.24
27.22
26.56
26.48
26.13
26.35
26.33
26.3
26.12
25.78
25.93
25.94
25.94
26.1
25.86
25.54
25.83
25.62
25.73
25.89
25.76
26.1
26.14
26.19
26.23
26.11
26.13
25.89
25.95
26.43
26.6
26.47
26.77
26.9
27.4
27.32
27.77
28.35
28.35
28.29
28.3
28.39
28.57
28.28
28.5
28.56
28.63
28.57
28.02
28.1
27.64
27.86
27.89
27.6
28.13
27.87
27.48
27.95
28.32
28.86
29.0
28.03
28.66
28.44
28.58
28.48
28.49
28.52
28.07
28.06
27.53
27.14
27.18
27.72
27.41
26.88
27.02
27.09
27.05
27.46
27.12
27.2
27.24
27.24
27.55
27.44
27.46
27.3
27.3
27.39
27.62
27.11
27.36
27.26
27.28
27.49
27.25
27.44
27.19
27.26
27.51
27.51
27.26
27.12
27.35
27.29
27.19
27.27
27.58
27.65
28.25
28.12
28.38
28.53
28.17
27.99
28.06
28.03
28.03
27.8
27.99
28.41
28.18
28.7
28.56
27.74
27.63
27.9
28.15
28.01
27.97
28.08
28.24
28.47
29.0
29.31
29.28
29.77
29.73
29.98
29.97
27.39
27.12
27.17
27.07
26.86
26.65
26.53
26.64
26.6
26.77
26.81
27.25
27.09
27.23
27.33
27.07
27.36
27.23
27.08
27.25
27.23
27.11
27.16
26.96
26.95
27.07
26.97
27.01
26.85
26.95
26.9
26.76
26.72
26.74
26.84
26.78
26.75
26.67
26.8
26.73
26.78
26.27
26.12
26.32
25.98
25.86
25.65
25.67
26.02
26.01
26.11
26.18
26.28
26.39
26.46
26.18
26.32
26.16
26.24
26.07
26.06
25.97
26.01
25.93
25.79
25.65
25.48
25.23
25.2
25.37
25.25
25.16
25.28
25.26
25.17
25.17
25.47
25.4
25.31
25.43
25.09
25.11
24.91
24.63
24.54
24.31
24.2
23.99
24.18
24.28
24.2
23.92
24.16
24.17
24.12
24.23
24.47
24.67
25.1
24.94
24.97
25.32
25.04
24.84
24.46
24.65
24.63
24.32
25.28
24.98
24.99
24.76
24.99
24.45
25.3
25.23
25.36
25.21
25.23
25.22
25.11
24.9
24.91
25.0
25.3
25.49
25.46
25.7
25.92
25.74
25.85
25.75
25.71
25.9
26.07
25.8
25.81
25.79
25.43
25.37
25.51
25.4
25.51
25.43
25.31
25.36
25.26
25.04
25.04
25.11
25.15
25.07
25.31
25.04
25.05
25.07
25.09
24.84
24.71
24.98
24.7
24.65
25.09
25.29
25.61
25.66
25.97
25.79
25.55
26.16
26.19
26.44
25.68
25.69
25.54
25.72
25.75
25.61
25.92
26.81
27.25
27.32
27.76
27.13
27.35
26.95
27.27
27.05
27.13
26.74
26.95
26.82
26.72
26.91
26.87
26.81
27.03
26.97
27.15
27.18
27.38
27.2
27.02
27.0
26.85
26.61
26.58
26.61
26.48
26.31
26.27
26.07
26.0
25.84
25.49
25.34
25.27
25.27
25.34
25.67
25.94
25.73
25.5
24.98
24.67
24.73
24.59
24.46
24.41
24.3
24.59
24.67
24.53
24.57
25.09
24.79
24.78
25.1
25.03
25.11
24.85
25.53
25.7
25.96
26.46
26.44
26.66
27.01
27.05
26.96
27.09
27.28
27.35
27.5
27.74
27.97
28.07
28.16
27.91
27.92
27.76
27.75
27.68
27.68
27.89
28.01
27.85
27.69
27.75
27.69
27.71
27.45
27.13
27.09
26.92
26.9
26.83
26.86
26.73
26.59
26.64
26.46
26.39
26.27
26.15
26.84
26.97
26.99
26.91
26.86
27.0
27.29
27.14
27.19
26.99
26.83
27.02
26.41
26.35
26.28
26.4
26.5
27.79
28.0
28.15
28.04
27.68
27.54
27.17
26.94
26.91
26.66
26.69
26.39
26.65
26.88
26.81
26.7
26.54
26.72
26.66
26.63
27.05
26.87
27.14
26.97
26.93
26.91
27.06
27.25
27.0
27.17
27.11
27.23
27.36
27.27
27.5
27.89
27.74
27.15
26.85
27.01
27.01
26.9
27.02
27.23
27.21
27.56
27.64
27.74
27.56
27.25
27.29
27.13
27.2
27.07
26.84
27.22
27.03
27.03
27.15
27.11
27.11
27.1
27.25
24.15
24.29
24.01
23.17
23.44
23.8
23.73
23.62
23.77
23.22
23.17
23.15
23.01
22.73
22.83
22.56
22.88
22.79
23.5
23.74
23.72
23.15
22.65
22.82
22.76
22.5
22.13
22.04
22.11
21.92
21.71
21.51
21.88
22.07
22.1
22.55
22.56
23.08
22.88
22.5
22.82
22.86
23.16
23.47
23.3
23.7
23.35
23.48
23.3
23.5
23.1
22.64
22.26
22.29
22.48
22.74
23.4
22.85
23.87
24.0
24.22
24.37
23.87
24.25
24.06
23.99
24.3
24.21
24.29
24.22
24.34
24.44
24.46
24.43
24.53
24.62
24.7
24.7
25.79
26.12
25.62
25.67
25.74
25.85
25.95
25.84
25.8
25.7
25.84
25.61
25.61
25.43
25.6
25.91
25.93
25.98
26.33
26.85
26.79
26.86
27.18
26.9
26.66
26.95
27.2
27.44
27.4
27.35
27.36
27.37
27.94
27.92
27.87
27.72
27.69
27.54
28.22
28.37
28.45
28.44
28.52
28.29
28.43
28.45
28.28
28.31
28.35
28.34
28.53
28.71
28.81
28.77
28.73
28.84
28.95
28.98
29.26
29.24
29.35
29.23
29.12
29.47
29.4
29.89
29.92
29.92
29.76
29.48
29.39
29.57
29.36
29.12
29.33
29.13
28.99
28.85
29.4
29.54
29.43
29.55
30.07
30.19
29.89
29.99
30.09
29.98
29.64
29.99
30.02
29.98
29.86
29.86
29.81
29.64
29.93
29.96
29.66
30.7
31.21
31.16
31.1
31.0
31.11
30.72
30.74
31.09
30.45
30.6
30.53
30.48
30.86
30.56
30.19
29.61
29.51
29.37
29.26
28.98
28.94
29.03
29.4
29.46
28.74
28.83
29.35
29.39
28.9
29.07
27.87
28.17
28.09
27.76
27.55
27.83
27.61
27.32
27.29
27.44
26.72
27.4
27.28
27.33
27.83
27.84
28.52
28.27
28.02
28.22
27.72
27.64
27.75
27.87
27.74
27.87
28.5
28.55
28.57
28.4
28.11
28.54
28.61
28.73
28.85
28.6
28.69
29.02
28.78
28.79
28.99
29.1
30.12
29.94
30.4
30.61
30.97
30.56
30.71
30.75
30.78
30.58
30.89
30.97
30.9
31.07
30.98
30.83
31.05
30.69
30.58
30.17
30.48
30.79
31.11
30.69
30.59
30.72
30.58
30.29
29.62
30.05
30.02
29.85
30.39
30.52
30.49
30.51
30.46
30.01
30.22
29.49
29.49
29.52
29.87
29.83
29.47
29.74
30.02
29.99
29.97
29.87
29.33
29.49
30.07
29.82
30.03
30.78
30.92
31.51
31.16
31.19
30.8
30.71
29.98
29.39
29.4
28.99
29.3
29.52
28.96
29.54
29.55
30.0
29.3
28.71
28.63
28.27
28.1
27.81
28.25
28.26
28.07
28.22
28.3
28.81
28.49
27.93
28.59
28.45
28.73
28.81
28.48
28.91
28.44
28.48
28.93
28.93
29.16
29.04
28.72
28.93
28.67
28.42
28.65
29.08
29.56
29.5
29.49
29.46
29.77
29.7
29.45
29.71
29.84
29.84
30.1
30.23
29.91
30.17
30.04
30.32
31.08
31.16
30.17
30.51
30.9
31.25
31.99
35.03
34.57
35.57
36.81
37.06
37.06
36.73
36.41
35.52
34.74
33.73
33.38
34.46
33.93
33.76
34.09
33.96
34.58
34.23
34.11
32.97
33.06
33.7
33.59
33.6
32.92
32.77
34.15
34.55
34.53
34.76
34.1
34.47
35.22
35.31
34.39
34.74
34.79
35.52
36.06
36.58
36.61
35.97
36.12
35.6
35.22
35.37
34.38
34.61
33.45
34.44
34.33
33.91
34.39
34.0
33.23
33.11
33.01
31.99
31.93
33.25
32.94
32.72
32.6
32.2
32.6
30.45
30.19
29.07
28.52
28.12
28.56
28.21
28.34
28.96
28.5
28.42
28.17
28.22
28.1
27.68
27.84
28.38
28.26
27.93
27.2
26.99
27.59
28.12
27.57
27.87
28.05
29.28
28.63
28.62
27.96
28.3
29.42
28.62
29.18
29.17
29.14
28.56
28.05
27.91
28.38
29.5
29.16
29.0
29.16
29.16
28.75
28.89
29.11
28.28
28.06
28.25
28.95
29.22
30.0
30.42
30.25
31.45
31.8
29.83
28.99
28.64
28.52
29.4
29.24
29.08
29.7
29.21
29.27
29.39
29.99
29.78
29.93
30.45
29.99
29.46
28.76
28.25
28.47
28.05
28.44
28.18
28.31
28.32
27.8
27.31
27.54
28.3
27.49
27.71
27.89
27.12
28.24
29.07
28.93
28.8
28.46
28.93
28.23
27.97
27.73
28.35
27.75
27.63
27.51
26.87
25.88
25.98
26.03
25.85
25.23
25.45
25.25
25.15
26.15
27.26
27.52
25.86
25.64
25.8
26.43
25.44
26.16
25.5
26.11
26.23
25.72
25.44
25.28
26.21
27.02
27.39
28.13
27.9
28.12
27.91
27.91
27.81
27.69
27.32
27.29
27.18
27.84
27.66
27.27
27.56
27.94
27.29
27.1
26.9
26.35
25.65
26.12
26.1
26.44
27.34
27.62
26.82
25.99
24.57
25.26
25.16
25.4
25.44
25.72
26.61
27.4
25.01
26.69
26.48
26.25
26.32
24.91
23.23
23.01
22.3
21.5
25.5
24.1
22.66
24.19
23.93
24.72
23.36
21.53
22.32
21.96
21.18
23.1
23.0
22.63
22.33
22.62
23.53
22.08
20.88
21.5
21.3
21.2
20.3
21.25
20.06
19.32
19.62
18.29
17.53
19.68
20.69
19.99
20.49
20.49
20.22
18.61
19.15
19.87
19.11
19.87
21.01
20.6
20.61
19.45
19.36
19.04
20.11
19.66
19.3
19.12
19.18
19.28
19.17
19.17
19.13
18.96
19.34
19.44
19.44
20.33
20.52
20.76
19.51
20.12
19.52
19.47
19.82
19.09
19.24
19.71
18.48
19.38
17.11
17.2
17.63
17.66
18.04
17.59
17.1
17.83
18.5
18.63
19.04
19.66
19.44
18.8
19.21
19.26
19.09
18.09
18.12
17.91
18.0
17.21
17.17
16.96
16.42
16.15
15.79
15.88
16.12
15.27
15.28
15.15
16.48
17.11
17.01
16.65
16.25
16.9
16.96
17.14
17.06
18.33
17.93
17.88
18.83
18.13
17.48
18.37
19.31
19.29
18.75
18.76
18.76
19.19
19.67
19.67
19.59
19.35
18.83
19.76
19.2
18.61
18.97
18.78
18.92
20.91
20.4
19.93
20.25
20.26
20.24
20.19
19.79
19.79
19.32
19.42
19.32
19.89
19.75
20.06
20.22
20.6
20.31
20.38
19.82
19.75
20.34
20.13
20.45
20.89
21.4
21.4
21.73
21.83
22.14
22.05
22.08
22.55
22.83
23.33
23.42
23.45
23.68
23.5
24.07
23.28
23.34
23.47
23.79
23.35
23.86
23.77
24.04
23.37
23.37
23.2
22.53
22.56
22.44
22.39
23.23
23.11
24.12
24.44
24.29
24.53
24.83
24.8
25.56
23.45
23.11
23.47
23.8
23.81
23.52
23.83
23.77
23.81
23.46
23.56
23.42
23.13
23.53
23.62
23.69
23.25
23.58
23.65
23.67
24.41
24.64
24.64
24.55
24.69
24.68
24.65
24.0
23.86
24.11
24.62
24.82
24.78
25.0
24.86
25.0
25.2
25.2
25.3
25.26
25.3
25.77
25.71
25.94
25.55
25.83
25.75
25.72
24.88
24.96
24.64
25.11
25.1
25.67
25.55
25.72
25.81
25.96
26.71
26.5
26.36
26.37
26.58
26.59
28.02
28.68
28.59
28.02
28.22
27.73
27.88
27.53
28.06
28.47
28.52
28.99
29.01
29.12
29.36
29.63
29.54
30.0
30.11
29.78
29.62
29.94
29.91
29.79
29.79
29.22
29.41
30.01
29.78
29.83
29.98
29.79
29.57
29.71
29.87
29.85
30.11
30.02
30.1
29.6
30.36
30.52
30.82
30.92
31.0
31.0
31.17
31.39
30.96
30.48
30.48
30.95
30.96
30.77
30.45
30.66
30.27
30.07
30.35
30.96
30.86
30.86
31.1
30.58
30.01
28.96
29.32
29.5
29.67
29.16
28.18
28.41
28.46
28.63
27.84
28.02
27.72
28.01
27.99
28.12
27.93
27.93
28.35
28.59
28.97
28.77
28.73
28.33
28.63
28.6
28.67
29.02
28.46
28.46
28.63
28.59
28.63
28.8
28.97
29.18
29.27
29.29
29.37
29.63
29.61
29.59
29.6
29.88
29.65
30.01
29.66
29.59
29.77
29.29
29.16
29.16
29.27
29.32
29.35
29.92
30.34
30.32
30.45
30.82
30.87
30.67
31.04
31.36
31.33
31.39
30.96
31.11
30.84
30.91
31.0
30.54
30.86
30.13
29.85
28.98
28.21
28.94
28.88
29.44
29.24
28.93
28.94
28.6
28.24
27.11
26.84
26.27
26.07
25.01
26.0
25.8
25.8
25.89
26.46
26.86
25.79
25.29
25.11
24.79
25.0
25.66
25.5
26.58
26.32
26.37
26.44
25.95
25.77
25.31
25.0
24.53
24.31
23.31
23.01
23.16
23.27
23.27
23.82
24.3
24.41
24.27
24.83
25.13
25.44
25.51
24.89
25.23
25.48
25.12
25.84
25.81
26.1
26.16
25.95
26.03
25.81
26.33
26.16
25.73
25.37
25.55
25.61
25.07
24.86
24.49
24.4
24.5
24.71
24.82
24.44
24.23
24.28
24.04
24.1
23.82
23.93
23.64
23.46
23.9
23.94
24.29
24.29
23.96
23.93
24.01
23.85
25.11
25.03
25.12
25.33
25.22
25.43
25.15
24.61
24.43
24.78
24.73
24.68
24.5
24.49
24.38
23.91
24.35
24.43
24.53
24.57
24.59
24.83
25.34
25.23
25.54
25.82
25.1
25.31
25.42
25.38
25.19
25.9
26.05
26.28
26.66
26.95
27.39
27.03
27.14
26.85
26.81
26.95
26.94
26.68
26.27
26.2
25.81
25.57
25.84
25.69
25.73
25.12
25.37
25.25
25.31
25.26
26.04
26.89
27.02
26.84
26.87
27.23
27.08
27.34
27.24
27.62
27.85
27.99
27.9
27.81
28.07
28.19
28.3
28.07
28.01
27.97
27.85
27.91
27.98
28.09
28.0
28.82
28.6
28.22
28.11
28.55
28.19
28.3
28.66
28.47
28.35
28.02
28.38
28.45
28.78
28.87
27.75
27.72
27.99
27.94
27.65
27.77
28.2
28.28
27.97
27.5
27.25
27.23
26.96
27.02
27.21
27.06
26.59
26.59
26.77
26.55
26.58
26.16
26.08
26.2
25.95
25.72
25.91
25.89
25.41
25.68
25.69
25.39
24.79
24.78
24.8
25.33
25.3
25.54
25.81
25.62
25.41
25.49
25.61
25.39
25.48
25.55
25.78
26.15
26.2
26.07
25.98
25.64
25.63
25.42
25.37
25.08
25.15
25.76
25.52
25.61
26.19
26.38
26.71
25.92
25.66
25.81
26.06
25.79
25.87
25.83
25.67
25.36
25.32
25.03
24.57
24.52
24.69
24.72
24.49
24.17
24.15
24.19
24.67
24.76
25.01
24.43
24.22
23.9
24.01
24.06
23.94
23.96
23.7
24.04
24.22
23.74
24.0
24.26
24.47
24.76
24.65
24.63
24.3
25.2
25.8
25.62
26.0
26.02
26.03
26.33
26.77
26.92
26.63
26.54
26.63
26.47
26.78
26.59
27.54
27.06
27.1
27.53
27.91
28.08
27.33
27.72
27.4
27.27
26.64
26.92
25.94
25.68
24.48
25.58
24.2
25.19
25.1
25.51
25.35
25.24
24.67
24.05
23.98
24.72
24.9
24.57
25.25
25.84
26.23
26.6
26.21
25.8
25.51
26.0
26.22
25.74
25.89
26.04
26.5
26.99
27.12
27.21
26.98
25.99
25.06
25.06
25.44
25.67
25.58
25.45
24.89
24.53
25.34
25.89
26.34
26.25
26.94
27.0
26.96
27.18
27.27
26.98
27.31
27.13
27.04
27.16
27.19
26.81
26.59
27.25
26.98
26.63
25.99
26.01
26.53
26.25
26.8
27.16
26.2
26.28
26.91
26.76
26.74
26.07
25.54
25.3
25.0
24.79
24.47
24.3
24.87
24.84
25.58
25.28
25.22
25.7
25.66
25.6
25.4
25.7
25.51
25.76
25.59
25.56
26.0
25.53
26.02
25.76
25.81
26.03
26.04
25.82
26.02
25.96
26.76
27.4
27.68
28.1
27.74
27.84
27.72
28.0
28.25
28.26
28.23
28.12
29.71
29.73
29.34
29.56
29.5
29.23
29.61
29.53
29.89
29.95
30.24
30.2
30.35
30.66
30.77
30.5
30.58
30.25
30.05
31.28
31.25
31.44
31.27
31.37
31.48
31.35
31.87
31.74
32.29
32.08
31.8
31.56
31.84
32.01
31.99
32.04
32.67
32.77
32.85
32.6
32.2
31.99
31.91
32.0
32.01
32.59
32.52
32.19
32.12
32.26
32.29
31.94
31.21
31.52
31.1
30.47
30.34
30.98
30.81
31.08
31.44
31.14
31.01
32.42
32.12
31.92
32.2
32.11
31.98
32.02
32.01
31.8
31.76
30.98
30.65
30.5
30.76
30.74
31.16
30.68
30.21
29.9
29.72
29.27
29.75
29.76
29.11
29.07
29.06
29.56
29.34
29.19
28.45
28.55
28.5
29.35
29.23
29.65
28.9
29.29
29.13
29.34
30.02
29.84
30.7
30.93
30.14
30.7
29.86
30.02
30.17
29.91
30.59
30.56
30.76
30.7
30.18
30.0
29.74
29.3
28.63
29.39
29.44
29.66
30.45
30.66
30.12
29.28
29.15
28.83
29.16
29.76
29.64
29.47
29.41
29.19
29.75
29.95
30.26
30.33
30.5
30.42
30.39
30.13
30.2
30.78
30.9
30.74
30.8
30.54
30.26
30.56
30.69
30.63
30.65
30.32
30.82
30.38
30.39
31.34
30.95
30.72
30.79
30.78
30.94
31.21
31.21
31.18
31.05
31.45
31.19
30.78
30.39
30.16
30.16
29.76
29.49
29.66
29.86
30.03
29.85
29.78
29.28
28.98
28.95
29.2
29.51
29.49
29.59
29.5
28.64
28.0
28.05
27.9
27.88
28.21
28.54
29.52
29.5
29.63
29.86
29.08
28.81
28.83
28.22
27.09
26.84
26.66
26.52
26.73
26.71
26.95
27.7
27.38
27.08
27.36
26.95
26.62
26.43
26.37
26.67
26.72
26.46
26.94
27.32
27.24
27.11
26.81
27.1
27.56
27.31
27.68
27.45
27.06
26.86
26.96
26.55
26.71
27.62
27.25
26.74
26.69
26.55
26.7
26.46
26.83
26.89
27.21
27.04
27.25
27.25
27.15
27.61
27.63
27.88
27.91
28.01
27.85
27.45
27.93
27.44
27.5
27.34
27.28
27.55
27.86
27.88
28.03
28.04
28.01
28.04
27.87
27.49
27.76
27.37
27.37
27.81
27.8
27.95
28.15
28.35
28.09
28.14
28.0
27.87
27.91
27.92
28.14
28.04
28.1
28.18
28.32
28.11
28.25
28.16
28.16
28.37
28.6
28.61
28.8
28.56
28.6
28.7
28.59
29.61
30.28
28.94
28.79
28.69
28.97
28.82
28.79
29.76
30.83
30.6
31.76
31.94
31.79
32.61
33.1
32.72
33.16
33.49
33.75
33.31
32.99
32.66
32.69
33.03
33.53
33.84
34.08
34.87
35.08
34.85
34.61
34.15
34.27
35.02
34.88
35.03
34.9
35.59
34.99
34.78
34.96
35.67
35.47
34.84
35.0
34.72
34.4
35.0
34.98
34.59
33.49
33.26
33.72
33.67
34.35
34.62
34.54
34.36
33.94
34.01
34.21
34.32
34.35
34.7
35.68
35.67
36.17
36.27
35.74
35.44
31.4
32.01
31.82
31.96
31.39
31.62
31.54
31.85
31.84
31.67
31.89
31.7
31.58
32.06
32.89
32.7
32.87
32.23
32.35
31.79
31.8
31.39
31.62
31.61
32.39
34.75
34.15
33.26
33.02
33.55
33.4
31.88
31.2
31.24
31.15
31.66
32.39
32.74
32.69
33.03
32.8
32.93
33.32
33.64
32.79
32.74
32.46
32.5
32.77
33.27
33.28
33.58
33.92
33.86
33.88
33.3
33.01
33.07
33.76
34.13
34.45
34.49
34.64
34.92
34.96
34.99
34.58
33.76
33.72
35.73
35.57
35.52
35.54
35.4
35.52
35.94
36.64
38.18
37.5
37.78
37.59
37.36
38.16
38.02
37.84
37.2
36.74
37.08
37.4
37.57
37.64
37.35
37.6
38.13
38.45
38.31
38.94
38.0
38.36
38.7
38.11
37.61
37.22
36.69
36.88
36.52
36.58
36.25
36.8
36.62
37.08
37.44
37.29
37.29
37.41
37.16
36.91
36.13
36.41
35.76
35.53
36.04
34.98
35.78
36.76
36.89
36.38
36.17
35.93
36.06
36.8
36.03
36.27
36.66
36.86
37.84
36.48
36.35
35.82
36.18
36.56
36.8
37.18
37.47
37.61
37.62
37.42
37.51
37.75
37.98
37.69
37.54
37.47
37.86
38.31
37.78
38.41
38.11
38.15
37.9
37.82
38.02
38.27
37.89
37.7
38.05
39.55
39.27
40.33
40.16
40.5
40.34
39.79
39.36
40.3
40.99
41.42
41.35
41.01
39.87
39.8
39.82
40.47
39.36
39.21
39.18
39.75
40.4
40.01
39.94
39.99
39.69
39.86
39.91
40.87
40.51
40.4
40.0
39.69
39.43
39.06
39.42
39.64
39.54
39.97
40.42
40.24
39.6
39.83
39.75
39.68
40.35
40.1
40.12
40.19
40.01
40.34
40.94
40.79
40.29
40.32
41.21
41.48
41.27
41.11
40.86
40.58
41.23
41.5
41.68
41.65
41.51
41.68
41.99
41.74
42.03
41.72
42.25
41.7
41.87
41.9
41.8
41.99
41.78
41.67
41.68
42.09
42.14
42.45
44.08
44.53
44.69
44.84
44.83
44.87
44.4
44.5
43.97
43.88
43.58
43.16
42.86
43.37
43.08
42.74
43.23
43.2
43.2
43.52
44.08
44.27
44.79
45.11
45.33
44.95
45.22
45.15
45.17
45.0
44.87
44.88
45.43
45.09
44.96
45.26
45.91
46.47
46.76
46.84
47.0
46.7
46.24
46.76
46.52
46.68
47.52
47.06
46.56
47.08
46.04
46.41
46.44
46.36
45.9
45.76
46.09
46.09
45.53
46.78
45.85
44.03
43.65
43.73
43.22
42.74
43.63
44.08
44.88
44.38
45.02
46.13
45.91
46.49
46.62
46.05
46.95
47.44
47.57
47.86
48.7
48.68
48.89
48.87
48.78
49.61
49.58
49.46
48.74
48.22
48.7
47.98
47.59
47.47
47.75
47.81
48.62
48.46
48.08
48.84
48.42
47.7
47.59
46.9
47.17
46.95
46.67
45.16
45.74
47.52
47.66
47.98
48.45
48.14
47.88
47.45
47.02
46.45
46.76
46.32
45.65
46.23
47.59
47.19
46.6
46.36
45.96
45.48
46.24
46.39
45.92
47.13
47.18
